M.1 S.4
1911
11001
1110
11111
1110
70111
1010
11001
1111

M.2 S.4
1119
10001
0111
10011
1011
11111
1011
11011
1171

M.3 S.4
1111
10001
0110
11111
0110
11111
0110
10001
1197

M.4 S.4
1111
10101
0000
71111
1000
91011
0110
10001
1111

M.5 S.4
1111
11111
1111
90011
1101
11111
1100
70001
1111

M.6 S.4
1111
11111
1111
11001
1010
11117
1011
90111
1111

M.7 S.4
1119
11111
1110
11101
1101
11011
1011
11111
1711

M.8 S.4
1111
10011
0101
11101
0110
91111
1110
11101
1171

M.9 S.4
1111
70111
1011
11111
1011
10111
0111
10009
1111

M.10 S.4
1111
10011
0109
11111
0100
71111
1100
11101
1111